4 0.538980 0.497317 0.427432 0.286225
4 0.685489 0.224508 0.403238 0.302326
4 0.241928 0.264758 0.446250 0.282648
4 0.076608 0.073345 0.153216 0.146690
4 0.393814 0.062612 0.470444 0.125224
4 0.822583 0.051878 0.354834 0.103756
4 0.896510 0.368515 0.206980 0.289803
4 0.888445 0.542934 0.223110 0.259392
4 0.963716 0.792487 0.072568 0.239714
4 0.698931 0.754919 0.397861 0.296959
4 0.268810 0.737030 0.397861 0.282648
4 0.146502 0.487478 0.293004 0.262970
4 0.451611 0.919499 0.413991 0.161002
4 0.852154 0.923971 0.295692 0.152057
4 0.120964 0.909660 0.241928 0.180680