4 0.454383 0.760286 0.259392 0.243292
4 0.632379 0.536673 0.250447 0.268336
4 0.830054 0.509839 0.223614 0.254025
4 0.389982 0.595707 0.266547 0.228980
4 0.669946 0.735242 0.246869 0.214669
4 0.360465 0.777281 0.207513 0.245081
4 0.212880 0.567979 0.280859 0.259392
4 0.518784 0.393560 0.252236 0.239714
4 0.616279 0.227191 0.214669 0.257603
4 0.381932 0.170841 0.250447 0.205725
4 0.222719 0.303220 0.243292 0.255814
4 0.406977 0.390877 0.143113 0.234347
4 0.738819 0.241503 0.148479 0.182469
4 0.736136 0.369410 0.243292 0.212880